image_width: 1024
image_height: 768
camera_name: narrow_stereo
camera_matrix:
  rows: 3
  cols: 3
  data: [435.016, 0, 511.913, 0, 435.016, 418.063, 0, 0, 1]
distortion_model: plumb_bob
distortion_coefficients:
  rows: 1
  cols: 5
  data: [-0.284384, -0.030014, -0.01554, -0.003363, 0]
rectification_matrix:
  rows: 3
  cols: 3
  data: [1, 0, 0, 0, 1, 0, 0, 0, 1]
projection_matrix:
  rows: 3
  cols: 4
  data: [826.19989, 0, 413.746093, 0, 0, 863.790649, 267.937027, 0, 0, 0, 1, 0]
